6,4
8,7
8,6
8,4
4,4
2,4
4294967278,209
3,4
4294967278,37
4294967278,36
4294967278,35
4294967278,34
4294967278,33
4294967278,32
4294967278,31
4294967278,30
4294967278,29
4294967278,28
4294967278,27
4294967278,26
4294967278,25
4294967278,24
4294967278,23
4294967278,22
4294967278,21
4294967278,20
4294967278,19
4294967278,18
4294967278,17
4294967278,16
4294967278,15
4294967278,14
4294967278,13
4294967278,12
4294967278,11
4294967278,10
4294967278,9
4294967278,8
4294967278,7
4294967278,6
4294967278,5
4294967278,4
4294967279,132
4294967279,131
4294967279,130
4294967279,129
4294967279,128
4294967279,127
4294967279,126
4294967279,125
4294967279,124
4294967279,123
4294967279,122
4294967279,121
4294967279,120
4294967279,119
4294967279,118
4294967279,117
4294967279,116
4294967279,115
4294967279,114
4294967279,113
4294967279,112
4294967279,111
4294967279,110
4294967279,109
4294967279,108
4294967279,107
4294967279,106
4294967279,105
4294967279,104
4294967279,103
4294967279,22
4294967279,19
4294967279,17
4294967279,15
4294967279,13
4294967278,208
4294967278,207
5,4
4294967294,30
4294967294,1167
4294967294,1166
4294967294,1164
4294967294,1163
4294967294,1158
4294967294,1019
4294967294,992
4294967294,990
4294967294,989
4294967294,988
4294967294,987
4294967294,60
4294967294,12
9,4
4294967279,569
4294967278,205
4294967294,413
4294967294,414
4294967294,384
4294967294,1005
4294967294,451
4294967278,201
4294967294,38
4294967294,37
4294967294,488
4294967294,1101
4294967278,200
4294967279,200
4294967278,199
4294967278,198
4294967278,195
4294967278,197
58,5
58,4
4294967278,196
58,3
58,2
58,1
4294967279,196
4294967294,40
4294967278,194
4294967294,94
4294967294,96
4294967278,193
4294967279,308
4294967278,192
4294967278,190
56,4
56,3
56,2
56,1
4294967278,312
4294967279,304
4294967279,186
4294967294,8
55,6
0,7
4294967294,390
4294967294,114
4294967278,308
4294967279,302
55,5
4294967294,1001
4294967294,1000
55,4
55,3
55,2
55,1
4294967278,303
4294967279,568
4294967278,301
54,5
4294967294,99
4294967294,76
4294967294,41
4294967294,107
4294967294,2
4294967278,175
54,4
54,3
54,2
54,1
4294967294,45
4294967294,44
4294967294,53
4294967294,1174
4294967294,90
4294967294,87
4294967294,86
4294967294,84
4294967278,132
4294967278,131
4294967278,130
4294967278,129
4294967278,128
4294967278,127
4294967278,126
4294967278,125
4294967278,124
4294967278,123
4294967278,122
4294967278,121
4294967278,120
4294967278,119
4294967278,118
4294967278,117
4294967278,116
4294967278,115
4294967278,114
4294967278,113
4294967278,112
4294967278,111
4294967278,231
4294967278,110
4294967278,109
4294967278,108
4294967278,107
4294967278,223
4294967278,106
4294967278,105
4294967278,104
4294967278,103
4294967278,102
4294967278,101
4294967278,100
4294967278,99
4294967278,98
4294967278,97
4294967278,96
4294967278,95
4294967278,94
4294967278,93
4294967278,92
4294967278,91
4294967278,90
4294967278,89
4294967278,87
4294967278,86
4294967278,85
4294967278,84
4294967278,83
4294967278,81
4294967278,80
4294967278,79
4294967278,314
4294967278,78
4294967278,77
4294967278,76
4294967278,75
4294967278,74
4294967278,310
4294967278,309
4294967278,72
4294967278,71
4294967278,307
4294967278,70
4294967278,306
4294967278,69
4294967278,68
4294967278,67
4294967278,66
4294967278,65
4294967278,302
4294967278,64
4294967278,63
4294967278,62
4294967278,61
4294967278,60
4294967278,59
4294967278,56
4294967278,54
4294967278,53
4294967278,52
4294967278,51
4294967278,49
4294967278,47
4294967278,46
4294967278,44
4294967278,42
4294967278,38
4294967278,88
4294967279,298
4294967279,16
4294967279,14
4294967279,260
4294967279,12
4294967279,11
4294967279,10
4294967279,9
4294967279,8
4294967279,7
4294967279,5
4294967278,58
4294967294,487
4294967278,57
4294967279,567
4294967278,55
4294967278,299
4294967279,163
53,5
4294967278,164
53,4
4294967279,164
53,3
53,2
53,1
4294967278,163
4294967278,50
4294967278,161
4294967279,159
4294967278,48
4294967278,296
4294967279,292
4294967278,159
52,5
4294967278,43
4294967279,291
4294967278,45
52,4
52,3
52,2
52,1
4294967278,40
4294967279,566
4294967278,372
4294967278,41
4294967294,43
4294967278,39
4294967279,149
4294967294,486
4294967279,565
4294967278,371
4294967278,0
50,4
50,3
50,2
50,1
4294967278,293
4294967279,288
4294967278,370
4294967279,287
4294967278,369
4294967279,286
4294967278,292
4294967279,564
4294967278,291
4294967279,563
4294967294,82
4294967278,368
4294967294,92
4294967294,436
4294967294,417
4294967278,290
4294967278,137
4294967279,285
4294967279,284
4294967279,283
4294967294,191
4294967294,463
4294967294,118
4294967278,367
4294967279,21
4294967279,268
4294967294,1098
4294967278,276
4294967279,20
4294967279,269
4294967278,288
4294967279,282
4294967294,485
4294967278,287
4294967278,275
4294967279,18
4294967279,266
4294967279,280
4294967279,265
49,5
49,4
4294967279,264
49,2
49,1
4294967294,401
4294967294,1002
4294967294,1090
4294967279,6
4294967278,285
47,4
47,3
47,2
47,1
4294967278,262
4294967279,255
4294967279,562
4294967279,4
4294967279,561
46,6
4294967278,366
4294967279,560
4294967278,365
46,5
46,4
46,3
46,2
46,1
4294967279,559
4294967294,484
4294967279,250
4294967278,364
45,5
45,4
45,3
45,2
45,1
4294967279,235
4294967278,230
44,5
4294967279,233
44,4
